均值和标准差
Mean: [0.15100107, 0.13688769, 0.12900931]
Var: [0.05814846, 0.05130806, 0.04863419]



Mean: [0.151, 0.136, 0.129]
Var: [0.058, 0.051, 0.048]

